S T 
E F 
SS : 0.42857142857142855
TT : 0.2
ST : 0.8
FS : 0.3
S0 : 1.0
ES : 0.7
FT : 0.6
ET : 0.4
TS : 0.42857142857142855
STSSTSTSSSTT
S1 given E1
T3 given F3
S2 given F2
