S T 
E F 
SS : 0.42857142857142855
TT : 0.2
S3 : 0.4411661807580175
ST : 0.8
E1 : 0.4714285714285714
F2 : 0.3195918367346938
FS : 0.3
ES : 0.7
FT : 0.6
E3 : 0.4206297376093294
ET : 0.4
T0 : 0.0
S0 : 1.0
T1 : 0.42857142857142855
S1 : 0.42857142857142855
T2 : 0.2693877551020408
TS : 0.42857142857142855
S2 : 0.5265306122448979
T3 : 0.27953352769679296
STSSTSTSSSTT
S1 given E1
T3 given F3
S2 given F2
